0
0
0
0
0
110.5
110.5
0
0
0
0
1
1
0
0
0
0
0
1
155.0
3
127
16
29
0
0
16
16
16
16
16
16
16
16
11
418
33
134
215.0
182.0
237
67
67
24
2
145
348
132
159
213.0
213.0
209.0
144
0
0
0
225.0
109
19
5
34
0
104.0
232.5
362.0
435.5
391.5
614.0
250.0
27
384.5
384.5
4
537.0
537.0
0
406.5
195.5
66
160.5
32
0
0
0
192
137
104
0
0
0
0
0
0
0
0
0
0
0
0
158.0
233.0
512.5
512.5
270
234
2
5
100
127.5
129.5
0
0
1
1
0
0
115
131
105
607
568
96
0
0
0
96.0
96.0
3
322.5
322.5
322.5
13
34
55
55
8
9
478.5
414.0
414.0
414.0
414.0
414.0
321.0
321.0
0
206
31
31
240
121
0
122
0
0
0
545.0
545.0
152
543
543
762.0
762.0
54
131.0
358.5
358.5
